$force_field_params   
NumAtomTypes   3000        
AtomType   -1   -0.35   1.77   -0.018         
AtomType   -13   -0.35   1.77   -0.018         
AtomType   -2   0.7   2.2   -0.047        
AtomType   -3   -0.175   0.01   0         
AtomType   -4    0.175   0.01   0
AtomType   -23   0.525   2.2   -0.047
AtomType   -22   0.35   2.2   -0.047         
AtomType   -21   0.175   2.2   -0.047         
AtomType   -111   0   1.34   -0.024         
AtomType   -112   0   1.34   -0.035         
AtomType   -121   0   2.05   -0.078         
AtomType   -122   0   2.01   -0.056         
AtomType   -912   0   2.175   -0.055         
AtomType   -916   0   1.77   -0.1521         
AtomType   -901   0   1.32   -0.022         
AtomType   -801   0   0.2245   -0.046         
AtomType    -31 0   1.9924  -0.07
AtomType    -32 0   2.09    -0.068
AtomType    -33 0   2.08    -0.064
AtomType    -34 0   1.87    -0.18
AtomType    -35 0   2.00    -0.032
AtomType    -41 0   0.2245  -0.046
AtomType    -42 0   0.87    -0.012
AtomType    -43 0   1.1 -0.046
AtomType    -44 0   1.3582  -0.03
AtomType    -45 0   1.26    -0.026
AtomType    -46 0   1.25    -0.031
AtomType    -47 0   1.34    -0.045
AtomType    -51 0   1.765   -0.1921
AtomType    -61 0   1.98    -0.07
AtomType    -62 0   1.89    -0.06
AtomType    -63 0   1.79    -0.18
Bond   -1   -2   304   1.682         
Bond   -1   -3   204   1.489         
Bond   -2   -3   100   1.45         
Angle   -1   -2   -1   34   150      
Angle   -2   -1   -2   30   121.5      
Angle   -3   -1   -2   44   118      
Angle   -1   -2   -3   30   109.5      
Torsion   -2   -1   -2   -1   0.1   120   3         
Torsion   -2   -1   -2   -3   0.3   120   3         
Bond   -121   -122   222.5   1.528         
Bond   -121   -121   222.5   1.528         
Bond   -122   -122   222.5   1.528         
Bond   -111   -121   309   1.089         
Bond   -112   -122   309   1.089         
Angle   -121   -122   -122   58   115      
Angle   -121   -121   -122   58   115      
Angle   -121   -121   -121   58   115      
Angle   -122   -122   -122   58   115      
Angle   -111   -121   -111   35.5   108.4      
Angle   -111   -121   -121   35.5   108.4      
Angle   -111   -121   -122   35.5   108.4      
Angle   -112   -122   -112   35.5   108.4      
Angle   -112   -122   -121   35.5   108.4      
Angle   -112   -122   -122   35.5   108.4      
Torsion   -111   -121   -122   -122   0.16   120   3         
Torsion   -111   -121   -121   -121   0.16   120   3         
Torsion   -111   -121   -121   -111   0.16   120   3         
Torsion   -111   -121   -122   -112   0.16   120   3         
Torsion   -112   -122   -122   -122   95.16   180   2         
Torsion   -112   -122   -122   -112   95.16   180   2         
Torsion   -121   -122   -122   -122   95.16   180   2         
Torsion   -121   -122   -122   -112   95.16   180   2         
Torsion   -122   -122   -122   -112   95.16   180   2         
Torsion   -112   -122   -122   -121   95.16   180   2         
Bond   -13   -1   304   1.682         
Bond   -13   -121   222.5   1.55         
Angle   -13   -121   -121   40   111      
Angle   -13   -121   -1   34   150      
Angle   -13   -121   -111   35.5   115      
Torsion   -1   -13   -121   -121   0.2   120   3         
Torsion   -1   -13   -121   -111   0.2   120   3         
Bond   -901   -912   342.991   1.093         
Bond   -801   -916   560.905   0.972         
Bond   -916   -912   363.214   1.418         
Bond   -912   -912   306.432   1.508         
Angle   -916   -912   -912   71.39   108.133      
Angle   -916   -912   -916   83.192   111.368      
Angle   -916   -912   -901   56.205   108.577      
Angle   -912   -912   -901   45.77   110.549      
Angle   -912   -916   -912   86.143   106.926      
Angle   -912   -912   -912   61.243   109.608      
Angle   -912   -916   -801   57.069   106.503      
Angle   -901   -912   -901   37.134   108.836      
Torsion   -912   -916   -912   -912   -0.341   0   1         
Torsion   -912   -916   -912   -912   0.378   180   2         
Torsion   -912   -916   -912   -912   0.378   0   3         
Torsion   -912   -916   -912   -901   0.285   0   1         
Torsion   -912   -916   -912   -901   0.16   180   2         
Torsion   -912   -916   -912   -901   0.285   0   3         
Torsion   -912   -912   -912   -912   0.051   0   1         
Torsion   -912   -912   -912   -912   0.341   180   2         
Torsion   -912   -912   -912   -912   0.166   0   3         
Torsion   -912   -912   -912   -916   -0.344   0   1         
Torsion   -912   -912   -912   -916   0.878   180   2         
Torsion   -912   -912   -912   -916   0.238   0   3         
Torsion   -912   -912   -912   -901   0.32   0   1         
Torsion   -912   -912   -912   -901   -0.315   180   2         
Torsion   -912   -912   -912   -901   0.132   0   3         
Torsion   -912   -912   -916   -801   0.135   180   2         
Torsion   -912   -912   -916   -801   0.118   0   3         
Torsion   -916   -912   -912   -916   0.204   0   1         
Torsion   -916   -912   -912   -916   0.699   180   2         
Torsion   -916   -912   -912   -916   0.48   0   3         
Torsion   -916   -912   -912   -901   -0.327   0   1         
Torsion   -916   -912   -912   -901   0.536   180   2         
Torsion   -916   -912   -912   -901   0.14   0   3         
Torsion   -916   -912   -916   -801   0.744   0   1         
Torsion   -916   -912   -916   -801   -1.7   180   2         
Torsion   -916   -912   -916   -801   -0.16   0   3         
Torsion   -912   -916   -912   -916   0.115   0   1         
Torsion   -912   -916   -912   -916   -0.355   180   2         
Torsion   -912   -916   -912   -916   0.361   0   3         
Torsion   -901   -912   -912   -901   0.142   0   1         
Torsion   -901   -912   -912   -901   -0.693   180   2         
Torsion   -901   -912   -912   -901   0.157   0   3         
Torsion   -901   -912   -916   -801   0.298   0   1         
Torsion   -901   -912   -916   -801   -0.138   180   2         
Torsion   -901   -912   -916   -801   0.173   0   3         
Imptor	-912   -912   -916   -916       0.000  0     0.00 
Imptor	-912   -916   -916   -901     0.000  0     0.00 
Imptor	-912   -912   -916   -912       0.000  0     0.00 
Imptor	-912   -912   -916   -901     0.000  0     0.00 
Imptor	-912   -912   -912   -916       0.000  0     0.00 
Imptor	-912   -912   -912   -901     0.000  0     0.00 
Imptor	-912   -916   -912   -901     0.000  0     0.00 
$end   
